SN码:H120UA-G12160636
FX:1014.2667047210
FY:1014.2888489972
CX:957.1998633034
CY:766.6536032471
K1:1.1091718071
K2:0.2153383410
P1:-0.0000033025
P2:0.0000078881
K3:0.0034583623
K4:1.5044777610
K5:0.5510675133
K6:0.0342958983
RMS:0.0095
标定校验:null
是否写入: