SN码:H60FA-H10151015
FX:1939.0545657803
FY:1939.3139678195
CX:966.1861391013
CY:767.1300544764
K1:62.7128084879
K2:83.0880224008
P1:0.0002015131
P2:-0.0005504613
K3:9.0498261602
K4:63.2868927816
K5:117.2250512290
K6:52.3044406295
RMS:0.0094
标定校验:null
是否写入: