SN码:H60FA-H06170868
FX:1943.9369854991
FY:1943.9865440412
CX:962.1755070644
CY:766.0789130250
K1:3.4386128408
K2:3.5320324287
P1:0.0000931512
P2:-0.0001952405
K3:0.6149183707
K4:3.9886814175
K5:5.3547181267
K6:2.5142149628
RMS:0.0109
标定校验:null
是否写入: