SN码:H120UA-G12160642
FX:1017.4298138586
FY:1017.4850149304
CX:955.0320575802
CY:763.0860048384
K1:0.8729329238
K2:0.1198986825
P1:0.0000162517
P2:0.0000624756
K3:0.0008239093
K4:1.2677518877
K5:0.3640642240
K6:0.0140874434
RMS:0.0097
标定校验:null
是否写入: