[
    {
        "camera_internal": {
            "fx": 1911.8004284815,
            "fy": 1911.4993382887,
            "cx": 1919.4136786982,
            "cy": 1085.2378689507
        },
        "width": 3840,
        "height": 2160,
        "camera_external": [
            0.044034262401725005,
            -0.9966890406314057,
            -0.06835541968618314,
            0.008497492752188685,
            0.03579118122535935,
            0.06995179316074752,
            -0.9969081387103376,
            2.122063794550057,
            0.9983895508387884,
            0.04145157211188816,
            0.038752965035919004,
            -1.364993587830429,
            0.0,
            0.0,
            0.0,
            1.0
        ],
        "rowMajor": true
    },
    {
        "camera_internal": {
            "fx": 509.9832406642,
            "fy": 509.6943933421,
            "cx": 964.0331001745,
            "cy": 764.0007851419
        },
        "width": 1920,
        "height": 1536,
        "camera_external": [
            0.024591201274046,
            -0.9996060364616035,
            -0.013564617863870419,
            -0.05836166086393008,
            -0.003923953941350542,
            0.013472115551865832,
            -0.9999015292573182,
            1.149115837020856,
            0.9996894130656812,
            0.024641974192139156,
            -0.0035911274730422277,
            -1.320403418672964,
            0.0,
            0.0,
            0.0,
            1.0
        ],
        "rowMajor": true
    },
    {
        "camera_internal": {
            "fx": 510.545228811,
            "fy": 511.0510726843,
            "cx": 959.9473472386,
            "cy": 767.2709106535
        },
        "width": 1920,
        "height": 1536,
        "camera_external": [
            0.9999828989315899,
            0.005719611318455143,
            0.0012099982331273895,
            0.02323015983807119,
            0.0013805154047586957,
            -0.029903336837260066,
            -0.9995518711649066,
            2.2463048956297356,
            -0.005680865131895318,
            0.9995364502991757,
            -0.0299107212837561,
            -0.7343218348556745,
            0.0,
            0.0,
            0.0,
            1.0
        ],
        "rowMajor": true
    },
    {
        "camera_internal": {
            "fx": 510.1355067259,
            "fy": 510.2367174273,
            "cx": 958.9423173562,
            "cy": 768.2943357117
        },
        "width": 1920,
        "height": 1536,
        "camera_external": [
            -0.9998329193053033,
            -0.013194051993418577,
            -0.012614373851990268,
            0.06367667104250271,
            0.011816754220899282,
            0.05887295384570517,
            -0.9981956947437932,
            2.180801185841222,
            0.013912883760891198,
            -0.9981782771413332,
            -0.05870727217479937,
            -0.5809966813179075,
            0.0,
            0.0,
            0.0,
            1.0
        ],
        "rowMajor": true
    },
    {
        "camera_internal": {
            "fx": 1015.3881573058,
            "fy": 1015.463170222,
            "cx": 961.1984689223,
            "cy": 765.2334051341
        },
        "width": 1920,
        "height": 1536,
        "camera_external": [
            0.01773142642258621,
            0.9988270057325672,
            0.04506319274124346,
            -0.06691811811604587,
            0.04855099753452826,
            0.04415697529558141,
            -0.9978438252546324,
            2.457914582538193,
            -0.9986628691216194,
            0.019881049620643833,
            -0.04771103231577433,
            -1.2216957053515871,
            0.0,
            0.0,
            0.0,
            1.0
        ],
        "rowMajor": true
    }
]