[
    {
        "camera_internal": {
            "fx": 1939.0545657803,
            "fy": 1939.3139678195,
            "cx": 966.1861391013,
            "cy": 767.1300544764
        },
        "width": 1920,
        "height": 1536,
        "camera_external": [
            -0.004095579217503146,
            -0.9998074390841942,
            0.019191429930530534,
            -0.07823975477280785,
            -0.029470471367577626,
            -0.01906257747457965,
            -0.9993838649174794,
            1.7602000187484244,
            0.999557260765108,
            -0.004658636273734573,
            -0.029386724210484924,
            -1.1439530382048693,
            0.0,
            0.0,
            0.0,
            1.0
        ],
        "rowMajor": true
    },
    {
        "camera_internal": {
            "fx": 1943.9369854991,
            "fy": 1943.9865440412,
            "cx": 962.1755070644,
            "cy": 766.078913025
        },
        "width": 1920,
        "height": 1536,
        "camera_external": [
            -0.05444489591718895,
            -0.9980663600569012,
            0.02998823488194117,
            -0.038711430938000446,
            -0.03956309325655408,
            -0.027852961803157182,
            -0.9988288012321055,
            1.4425823070972195,
            0.9977326871264365,
            -0.05556755745540628,
            -0.037970140872802316,
            -1.107545740819903,
            0.0,
            0.0,
            0.0,
            1.0
        ],
        "rowMajor": true
    },
    {
        "camera_internal": {
            "fx": 509.9375428796,
            "fy": 509.696433456,
            "cx": 958.6215682733,
            "cy": 770.6106617175
        },
        "width": 1920,
        "height": 1536,
        "camera_external": [
            0.005696312217998371,
            -0.9999786558035052,
            -0.0031999944578310776,
            -0.04739906123607776,
            -0.03031673166069375,
            0.0030258799153154606,
            -0.9995357621576887,
            0.6995643914449623,
            0.9995241106689365,
            0.00579068114759893,
            -0.03029884821768429,
            -1.125056924457289,
            0.0,
            0.0,
            0.0,
            1.0
        ],
        "rowMajor": true
    },
    {
        "camera_internal": {
            "fx": 508.6568294141,
            "fy": 508.8774667618,
            "cx": 960.6125160872,
            "cy": 765.7840189088
        },
        "width": 1920,
        "height": 1536,
        "camera_external": [
            0.9989845979776661,
            0.03297846360598783,
            -0.030695177823060586,
            -0.9342776640526154,
            -0.026946771988655912,
            -0.10864260737839958,
            -0.993715580707787,
            2.041157683144595,
            -0.036106017265715745,
            0.9935336958554609,
            -0.10764362831582917,
            -0.5077153361603983,
            0.0,
            0.0,
            0.0,
            1.0
        ],
        "rowMajor": true
    },
    {
        "camera_internal": {
            "fx": 1017.4298138586,
            "fy": 1017.4850149304,
            "cx": 955.0320575802,
            "cy": 763.0860048384
        },
        "width": 1920,
        "height": 1536,
        "camera_external": [
            0.7533378038554068,
            0.6574035471665145,
            0.017399122253633173,
            -1.2300759459795214,
            0.02540408115491764,
            -0.002653482860091722,
            -0.9996737426227545,
            0.9554083945143119,
            -0.6571428961367436,
            0.7535340305530966,
            -0.018699702014138325,
            0.026795659610071736,
            0.0,
            0.0,
            0.0,
            1.0
        ],
        "rowMajor": true
    },
    {
        "camera_internal": {
            "fx": 508.5824446091,
            "fy": 508.6277103318,
            "cx": 963.2028912179,
            "cy": 769.8175537735
        },
        "width": 1920,
        "height": 1536,
        "camera_external": [
            -0.9992008189708886,
            0.024092706547823403,
            -0.031894589809339555,
            1.0067171132849404,
            0.035636993829188106,
            0.1755681890686757,
            -0.9838220447103043,
            1.9693086357124014,
            -0.018103260444570977,
            -0.9841724200963703,
            -0.1762864699372298,
            -0.37188352678923514,
            0.0,
            0.0,
            0.0,
            1.0
        ],
        "rowMajor": true
    },
    {
        "camera_internal": {
            "fx": 1014.266704721,
            "fy": 1014.2888489972,
            "cx": 957.1998633034,
            "cy": 766.6536032471
        },
        "width": 1920,
        "height": 1536,
        "camera_external": [
            -0.7460430539728057,
            0.6658926352154115,
            -0.0025999970777456855,
            1.2257704793323128,
            -0.003984287734629354,
            -0.008368219286558023,
            -0.9999570482561837,
            1.0358761675542465,
            -0.6658857913112255,
            -0.7460006509862084,
            0.008896159731926666,
            0.002095308426364342,
            0.0,
            0.0,
            0.0,
            1.0
        ],
        "rowMajor": true
    }
]